1 999999
956250 784133
527746 325777
592081 117279
40589 496670
75226 627789
658498 466337
702271 564758
758509 759021
832655 839170
124497 304493
664519 611871
858258 153542
514269 708157
973489 285219
258167 824416
40761 597582
123051 419382
810063 815431
310098 720101
415157 927052
771452 126993
65999 834783
552819 329546
938556 837274
446689 528317
589924 391703
434820 554673
111015 118536
240646 817862
287200 854602
952594 946087
316247 237153
486578 830505
775298 164398
511653 29457
99544 426149
382287 79182
431607 477457
43684 216018
809478 216581
560325 80709
699228 796355
784746 134196
217251 338269
341961 330965
480203 99064
864064 469986
308744 368663
944233 32695
393061 507077
890520 990393
148149 662737
861960 202784
557087 603671
730930 455726
453770 408273
572435 668554
536190 801997
615451 135944
840109 69001
322365 885318
257498 5366
370808 231711
641951 723672
679957 122682
30979 356200
440448 798297
658749 690626
325014 485731
339650 771613
465788 990066
557724 637933
840359 741646
804849 661129
787297 403016
425391 102137
978094 844543
500387 259147
795355 498156
287189 640249
215326 422562
700872 662662
532521 128841
347266 953704
995114 290534
179527 76206
169657 962707
802255 908954
850307 63050
946506 957112
121859 504348
346230 209975
930034 907748
554430 750026
68736 234334
524595 173517
65815 545969
584715 314002
811457 534090
36950 622614
