10137:
987706
1493907
1994279
1489003
276411
1777888
2158095
1578429
60194
2328034
1351590
697857
1689421
218486
870930
1274659
36076
2071210
521143
1881654
1636752
238384
2296258
2471304
801851
1751577
1854652
1311006
101900
368765
1718691
1036146
801405
227097
10138:
2183983
793082
2276375
1:
30878
2647871
1283744
2488120
317050
1904905
1989766
14756
1027056
1149588
1394012
1406595
2529547
1682104
2625019
2603381
1774623
470861
712610
1772839
1059319
2380848
548064
10134:
373243
1262679
376162
852409
2592540
10135:
1375234
512284
2024858
1455355
2007722
1996872
1360255
833441
2380258
2152930
485259
10136:
34872
1125980
1450431
2410335
10:
1952305
1531863
1000:
2326571
977808
1010534
1861759
79755
98259
1960212
97460
2623506
